deploymentid	deploymentsize
1	20.2589
2	47.3511
3	53.6809
4	61.3725
5	64.8052
6	68.0661
7	69.8781
8	72.2946
9	73.8807
10	76.1407
11	77.2900
12	78.7361
13	79.6395
14	80.6345
15	81.6927
16	82.5924
17	83.3045
18	84.0935
19	84.6936
20	85.7227
21	86.2805
22	86.8036
23	87.2270
24	87.7485
25	88.2585
26	88.6321
27	88.9725
28	89.3017
29	89.5798
30	90.1466
31	90.4113
32	90.6928
33	90.9149
34	91.1439
35	91.4160
36	91.6176
37	91.7789
38	91.9313
39	92.0833
40	92.4487
41	92.5794
42	92.7168
43	92.8498
44	92.9799
45	93.1834
46	93.2890
47	93.3869
48	93.5039
49	93.5999
50	93.8661
51	93.9612
52	94.0558
53	94.1361
54	94.2259
55	94.3474
56	94.4293
57	94.5023
58	94.5675
59	94.6335
60	94.8568
61	94.9277
62	94.9924
63	95.0516
64	95.1185
65	95.2083
66	95.2612
67	95.3148
68	95.3699
69	95.4197
70	95.5687
71	95.6110
72	95.6581
73	95.7021
74	95.7441
75	95.8107
76	95.8502
77	95.8806
78	95.9139
79	95.9534
80	96.0746
81	96.1091
82	96.1427
83	96.1695
84	96.2061
85	96.2575
86	96.2883
87	96.3155
88	96.3431
89	96.3726
90	96.4686
91	96.4976
92	96.5213
93	96.5460
94	96.5712
95	96.6224
96	96.6488
97	96.6730
98	96.6968
99	96.7274
100	96.8130
101	96.8378
102	96.8604
103	96.8793
104	96.8999
105	96.9394
106	96.9594
107	96.9819
108	97.0020
109	97.0201
110	97.0773
111	97.1017
112	97.1222
113	97.1425
114	97.1606
115	97.1911
116	97.2079
117	97.2237
118	97.2378
119	97.2567
120	97.3192
121	97.3382
122	97.3553
123	97.3700
124	97.3858
125	97.4226
126	97.4396
127	97.4515
128	97.4685
129	97.4823
130	97.5215
131	97.5349
132	97.5488
133	97.5617
134	97.5725
135	97.5986
136	97.6116
137	97.6234
138	97.6348
139	97.6523
140	97.6888
141	97.7002
142	97.7109
143	97.7213
144	97.7325
145	97.7562
146	97.7686
147	97.7795
148	97.7894
149	97.7992
150	97.8320
151	97.8431
152	97.8514
153	97.8612
154	97.8740
155	97.8938
156	97.9055
157	97.9131
158	97.9236
159	97.9342
160	97.9625
161	97.9736
162	97.9833
163	97.9920
164	98.0019
165	98.0212
166	98.0305
167	98.0382
168	98.0465
169	98.0547
170	98.0780
171	98.0868
172	98.0962
173	98.1034
174	98.1128
175	98.1275
176	98.1349
177	98.1427
178	98.1504
179	98.1579
180	98.1814
181	98.1901
182	98.1977
183	98.2048
184	98.2131
185	98.2292
186	98.2352
187	98.2418
188	98.2479
189	98.2541
190	98.2725
191	98.2804
192	98.2876
193	98.2941
194	98.3026
195	98.3186
196	98.3255
197	98.3319
198	98.3396
199	98.3491
200	98.3711
201	98.3821
202	98.3902
203	98.3981
204	98.4073
205	98.4233
206	98.4344
207	98.4410
208	98.4490
209	98.4555
210	98.4736
211	98.4826
212	98.4906
213	98.4979
214	98.5043
215	98.5189
216	98.5241
217	98.5293
218	98.5352
219	98.5422
220	98.5597
221	98.5675
222	98.5732
223	98.5786
224	98.5855
225	98.6007
226	98.6067
227	98.6112
228	98.6158
229	98.6225
230	98.6411
231	98.6478
232	98.6538
233	98.6590
234	98.6647
235	98.6790
236	98.6836
237	98.6885
238	98.6928
239	98.6981
240	98.7125
241	98.7171
242	98.7220
243	98.7265
244	98.7322
245	98.7441
246	98.7496
247	98.7539
248	98.7586
249	98.7667
250	98.7857
251	98.7926
252	98.7967
253	98.8019
254	98.8080
255	98.8193
256	98.8234
257	98.8268
258	98.8325
259	98.8376
260	98.8502
261	98.8552
262	98.8580
263	98.8616
264	98.8659
265	98.8762
266	98.8806
267	98.8843
268	98.8877
269	98.8926
270	98.9046
271	98.9084
272	98.9119
273	98.9141
274	98.9192
275	98.9277
276	98.9306
277	98.9329
278	98.9366
279	98.9419
280	98.9517
281	98.9556
282	98.9582
283	98.9611
284	98.9655
285	98.9743
286	98.9777
287	98.9791
288	98.9831
289	98.9864
290	98.9973
291	99.0003
292	99.0030
293	99.0063
294	99.0095
295	99.0173
296	99.0206
297	99.0240
298	99.0278
299	99.0318
300	99.0424
301	99.0477
302	99.0514
303	99.0548
304	99.0592
305	99.0674
306	99.0706
307	99.0741
308	99.0774
309	99.0809
310	99.0911
311	99.0928
312	99.0947
313	99.0976
314	99.1002
315	99.1058
316	99.1077
317	99.1108
318	99.1141
319	99.1169
320	99.1261
321	99.1302
322	99.1337
323	99.1362
324	99.1400
325	99.1480
326	99.1503
327	99.1523
328	99.1544
329	99.1577
330	99.1648
331	99.1680
332	99.1701
333	99.1714
334	99.1744
335	99.1813
336	99.1851
337	99.1871
338	99.1891
339	99.1917
340	99.2008
341	99.2037
342	99.2054
343	99.2076
344	99.2115
345	99.2171
346	99.2196
347	99.2219
348	99.2244
349	99.2264
350	99.2351
351	99.2375
352	99.2401
353	99.2423
354	99.2446
355	99.2514
356	99.2545
357	99.2568
358	99.2593
359	99.2630
360	99.2740
361	99.2767
362	99.2790
363	99.2804
364	99.2832
365	99.2889
366	99.2907
367	99.2924
368	99.2948
369	99.2975
370	99.3049
371	99.3071
372	99.3088
373	99.3113
374	99.3130
375	99.3194
376	99.3216
377	99.3232
378	99.3254
379	99.3271
380	99.3347
381	99.3362
382	99.3381
383	99.3400
384	99.3420
385	99.3455
386	99.3470
387	99.3494
388	99.3518
389	99.3534
390	99.3602
391	99.3626
392	99.3644
393	99.3652
394	99.3682
395	99.3727
396	99.3739
397	99.3762
398	99.3785
399	99.3819
400	99.3891
401	99.3914
402	99.3936
403	99.3954
404	99.3977
405	99.4024
406	99.4038
407	99.4058
408	99.4077
409	99.4104
410	99.4160
411	99.4172
412	99.4189
413	99.4207
414	99.4227
415	99.4259
416	99.4281
417	99.4305
418	99.4321
419	99.4341
420	99.4396
421	99.4410
422	99.4427
423	99.4438
424	99.4463
425	99.4495
426	99.4518
427	99.4535
428	99.4561
429	99.4579
430	99.4625
431	99.4639
432	99.4658
433	99.4669
434	99.4687
435	99.4723
436	99.4736
437	99.4751
438	99.4766
439	99.4777
440	99.4819
441	99.4838
442	99.4855
443	99.4873
444	99.4898
445	99.4927
446	99.4942
447	99.4953
448	99.4970
449	99.4980
450	99.5012
451	99.5032
452	99.5048
453	99.5066
454	99.5091
455	99.5124
456	99.5132
457	99.5154
458	99.5173
459	99.5189
460	99.5245
461	99.5259
462	99.5277
463	99.5280
464	99.5299
465	99.5322
466	99.5343
467	99.5352
468	99.5364
469	99.5377
470	99.5410
471	99.5424
472	99.5437
473	99.5445
474	99.5452
475	99.5469
476	99.5484
477	99.5495
478	99.5513
479	99.5527
480	99.5552
481	99.5562
482	99.5567
483	99.5577
484	99.5587
485	99.5600
486	99.5614
487	99.5622
488	99.5634
489	99.5641
490	99.5669
491	99.5672
492	99.5683
493	99.5693
494	99.5717
495	99.5738
496	99.5752
497	99.5774
498	99.5793
499	99.5816
500	99.5858
501	99.5874
502	99.5886
503	99.5898
504	99.5903
505	99.5912
506	99.5928
507	99.5936
508	99.5942
509	99.5960
510	99.5983
511	99.5991
512	99.6001
513	99.6013
514	99.6020
515	99.6029
516	99.6038
517	99.6045
518	99.6056
519	99.6068
520	99.6099
521	99.6104
522	99.6116
523	99.6128
524	99.6133
525	99.6143
526	99.6155
527	99.6158
528	99.6171
529	99.6177
530	99.6196
531	99.6208
532	99.6219
533	99.6226
534	99.6232
535	99.6239
536	99.6245
537	99.6252
538	99.6258
539	99.6270
540	99.6285
541	99.6292
542	99.6302
543	99.6308
544	99.6315
545	99.6320
546	99.6331
547	99.6334
548	99.6343
549	99.6350
550	99.6365
551	99.6371
552	99.6377
553	99.6384
554	99.6396
555	99.6406
556	99.6416
557	99.6420
558	99.6426
559	99.6431
560	99.6441
561	99.6451
562	99.6458
563	99.6463
564	99.6467
565	99.6474
566	99.6477
567	99.6485
568	99.6487
569	99.6492
570	99.6508
571	99.6515
572	99.6518
573	99.6524
574	99.6528
575	99.6541
576	99.6552
577	99.6561
578	99.6567
579	99.6570
580	99.6584
581	99.6593
582	99.6600
583	99.6612
584	99.6613
585	99.6621
586	99.6626
587	99.6631
588	99.6635
589	99.6644
590	99.6661
591	99.6665
592	99.6672
593	99.6677
594	99.6680
595	99.6687
596	99.6695
597	99.6700
598	99.6711
599	99.6731
600	99.6750
601	99.6756
602	99.6765
603	99.6775
604	99.6782
605	99.6788
606	99.6789
607	99.6799
608	99.6803
609	99.6805
610	99.6810
611	99.6814
612	99.6818
613	99.6826
614	99.6831
615	99.6839
616	99.6845
617	99.6851
618	99.6855
619	99.6860
620	99.6868
621	99.6870
622	99.6872
623	99.6877
624	99.6881
625	99.6886
626	99.6890
627	99.6897
628	99.6905
629	99.6910
630	99.6916
631	99.6921
632	99.6926
634	99.6930
635	99.6938
636	99.6939
637	99.6942
638	99.6947
639	99.6951
640	99.6957
641	99.6959
642	99.6964
643	99.6968
644	99.6972
645	99.6975
646	99.6981
647	99.6989
648	99.6994
649	99.6997
650	99.7000
651	99.7011
652	99.7015
653	99.7020
654	99.7028
655	99.7033
656	99.7038
657	99.7042
658	99.7049
659	99.7058
660	99.7068
661	99.7072
662	99.7078
663	99.7086
664	99.7089
665	99.7095
666	99.7100
667	99.7103
668	99.7105
669	99.7109
670	99.7116
671	99.7119
672	99.7125
673	99.7131
674	99.7132
675	99.7135
676	99.7137
677	99.7144
678	99.7147
679	99.7155
680	99.7162
681	99.7166
682	99.7167
683	99.7173
684	99.7178
685	99.7182
686	99.7187
687	99.7192
688	99.7194
689	99.7201
690	99.7205
691	99.7208
692	99.7211
693	99.7216
694	99.7219
695	99.7224
696	99.7229
697	99.7237
698	99.7244
699	99.7252
700	99.7261
701	99.7265
702	99.7269
703	99.7272
704	99.7275
705	99.7284
706	99.7291
707	99.7297
708	99.7299
709	99.7302
710	99.7304
711	99.7310
712	99.7319
713	99.7323
714	99.7329
715	99.7331
716	99.7338
717	99.7348
718	99.7361
719	99.7385
720	99.7486
721	99.7500
722	99.7507
723	99.7511
724	99.7523
725	99.7534
726	99.7537
727	99.7544
728	99.7548
729	99.7559
730	99.7564
731	99.7572
732	99.7581
733	99.7588
734	99.7593
735	99.7596
736	99.7597
737	99.7598
738	99.7604
739	99.7608
740	99.7614
741	99.7615
742	99.7621
743	99.7628
744	99.7630
745	99.7633
746	99.7638
747	99.7640
748	99.7642
749	99.7650
750	99.7654
751	99.7660
752	99.7664
753	99.7669
754	99.7671
755	99.7673
756	99.7675
757	99.7680
758	99.7685
759	99.7689
760	99.7691
761	99.7695
762	99.7698
763	99.7699
764	99.7700
765	99.7703
766	99.7706
767	99.7707
768	99.7713
770	99.7718
771	99.7719
772	99.7722
773	99.7725
774	99.7728
775	99.7729
776	99.7732
777	99.7734
778	99.7736
779	99.7738
780	99.7739
781	99.7740
782	99.7745
783	99.7746
784	99.7747
785	99.7751
786	99.7754
787	99.7756
788	99.7759
789	99.7761
790	99.7766
791	99.7770
792	99.7773
793	99.7775
794	99.7778
795	99.7782
796	99.7788
797	99.7791
798	99.7796
799	99.7800
800	99.7805
801	99.7811
802	99.7813
803	99.7818
804	99.7821
805	99.7827
806	99.7832
807	99.7834
808	99.7838
809	99.7844
810	99.7847
811	99.7848
812	99.7852
813	99.7855
814	99.7857
815	99.7863
817	99.7868
818	99.7872
819	99.7878
820	99.7882
821	99.7884
822	99.7887
823	99.7889
824	99.7893
825	99.7896
826	99.7900
827	99.7905
828	99.7907
829	99.7911
830	99.7916
832	99.7917
834	99.7919
835	99.7922
836	99.7925
837	99.7928
838	99.7934
839	99.7935
840	99.7936
841	99.7938
842	99.7942
843	99.7945
844	99.7947
845	99.7949
846	99.7950
847	99.7951
848	99.7956
849	99.7958
850	99.7962
852	99.7967
853	99.7971
854	99.7973
855	99.7974
856	99.7979
857	99.7981
858	99.7987
859	99.7989
860	99.7991
861	99.7993
862	99.7995
863	99.7997
864	99.7999
865	99.8003
866	99.8010
867	99.8012
869	99.8019
870	99.8022
871	99.8024
872	99.8026
873	99.8031
874	99.8037
875	99.8043
876	99.8045
878	99.8052
879	99.8053
880	99.8055
881	99.8058
882	99.8061
883	99.8066
884	99.8068
885	99.8070
886	99.8073
887	99.8074
888	99.8078
889	99.8079
890	99.8083
891	99.8087
892	99.8092
893	99.8095
894	99.8100
895	99.8105
896	99.8108
897	99.8111
898	99.8114
899	99.8116
900	99.8120
901	99.8122
902	99.8128
903	99.8133
904	99.8136
905	99.8139
906	99.8145
907	99.8149
908	99.8153
910	99.8160
911	99.8165
912	99.8170
913	99.8172
914	99.8174
915	99.8175
916	99.8177
917	99.8180
918	99.8184
919	99.8192
920	99.8195
921	99.8199
922	99.8201
923	99.8203
924	99.8205
925	99.8206
926	99.8209
927	99.8211
928	99.8215
929	99.8217
930	99.8220
931	99.8221
933	99.8225
934	99.8226
935	99.8227
936	99.8228
937	99.8231
938	99.8235
939	99.8236
940	99.8238
941	99.8239
942	99.8241
943	99.8242
944	99.8246
945	99.8248
946	99.8253
947	99.8255
949	99.8258
950	99.8264
951	99.8266
953	99.8267
954	99.8270
955	99.8272
956	99.8275
957	99.8276
959	99.8278
960	99.8280
961	99.8283
963	99.8285
964	99.8288
965	99.8289
966	99.8292
968	99.8297
969	99.8301
970	99.8305
971	99.8308
972	99.8309
973	99.8310
975	99.8313
976	99.8314
977	99.8316
978	99.8318
979	99.8322
980	99.8325
982	99.8328
983	99.8329
984	99.8333
985	99.8335
986	99.8339
987	99.8342
988	99.8346
989	99.8348
990	99.8352
991	99.8354
993	99.8358
994	99.8361
995	99.8363
996	99.8369
997	99.8399
998	99.8404
999	99.8413
1000	99.8430
1001	99.8434
1002	99.8437
1003	99.8441
1004	99.8445
1005	99.8454
1006	99.8459
1007	99.8462
1008	99.8463
1009	99.8470
1010	99.8473
1011	99.8479
1012	99.8481
1013	99.8485
1014	99.8491
1015	99.8494
1016	99.8499
1017	99.8507
1018	99.8516
1019	99.8520
1021	99.8523
1022	99.8528
1023	99.8533
1024	99.8540
1025	99.8541
1026	99.8545
1027	99.8547
1028	99.8553
1029	99.8555
1030	99.8561
1031	99.8565
1032	99.8568
1033	99.8570
1034	99.8578
1035	99.8583
1036	99.8586
1037	99.8590
1038	99.8598
1039	99.8604
1040	99.8606
1041	99.8607
1042	99.8612
1043	99.8617
1044	99.8624
1045	99.8626
1046	99.8631
1047	99.8634
1048	99.8638
1049	99.8642
1050	99.8644
1051	99.8649
1052	99.8651
1053	99.8658
1054	99.8663
1055	99.8666
1056	99.8670
1057	99.8674
1058	99.8676
1059	99.8678
1060	99.8682
1061	99.8687
1062	99.8690
1063	99.8693
1064	99.8696
1065	99.8698
1066	99.8703
1067	99.8705
1068	99.8706
1069	99.8710
1071	99.8712
1072	99.8713
1073	99.8719
1075	99.8722
1076	99.8723
1077	99.8730
1079	99.8735
1080	99.8740
1081	99.8743
1082	99.8744
1083	99.8747
1084	99.8751
1085	99.8753
1086	99.8759
1087	99.8763
1088	99.8768
1089	99.8769
1090	99.8771
1091	99.8773
1092	99.8775
1093	99.8776
1094	99.8779
1095	99.8781
1096	99.8785
1097	99.8788
1098	99.8790
1099	99.8794
1100	99.8800
1101	99.8804
1102	99.8807
1103	99.8810
1104	99.8811
1105	99.8814
1106	99.8817
1108	99.8819
1109	99.8820
1110	99.8823
1111	99.8825
1112	99.8828
1114	99.8829
1115	99.8831
1116	99.8833
1117	99.8834
1118	99.8836
1119	99.8837
1120	99.8838
1122	99.8840
1123	99.8842
1124	99.8844
1126	99.8845
1127	99.8846
1128	99.8847
1129	99.8848
1131	99.8851
1134	99.8854
1135	99.8856
1136	99.8859
1137	99.8860
1138	99.8862
1139	99.8863
1140	99.8865
1143	99.8866
1144	99.8867
1147	99.8869
1148	99.8870
1149	99.8871
1150	99.8873
1154	99.8875
1156	99.8876
1158	99.8879
1163	99.8880
1164	99.8881
1166	99.8883
1167	99.8884
1169	99.8886
1171	99.8889
1172	99.8890
1173	99.8892
1174	99.8893
1175	99.8895
1177	99.8897
1180	99.8898
1181	99.8899
1182	99.8900
1183	99.8903
1187	99.8906
1188	99.8907
1189	99.8909
1190	99.8912
1191	99.8916
1192	99.8921
1193	99.8926
1194	99.8932
1195	99.8943
1196	99.8956
1197	99.8975
1198	99.8996
1199	99.9026
1200	99.9082
1201	99.9095
1202	99.9109
1203	99.9116
1204	99.9118
1205	99.9124
1206	99.9131
1207	99.9138
1208	99.9143
1209	99.9148
1210	99.9151
1211	99.9153
1212	99.9154
1213	99.9155
1214	99.9159
1215	99.9162
1216	99.9164
1217	99.9168
1219	99.9171
1220	99.9176
1221	99.9177
1223	99.9181
1224	99.9182
1225	99.9186
1226	99.9188
1228	99.9190
1229	99.9191
1230	99.9192
1232	99.9193
1233	99.9194
1234	99.9196
1235	99.9198
1237	99.9200
1238	99.9201
1239	99.9204
1240	99.9207
1241	99.9208
1242	99.9211
1243	99.9212
1245	99.9214
1247	99.9216
1248	99.9219
1249	99.9224
1250	99.9227
1251	99.9228
1253	99.9229
1254	99.9230
1255	99.9233
1256	99.9235
1257	99.9236
1259	99.9237
1260	99.9241
1261	99.9243
1262	99.9248
1263	99.9249
1264	99.9250
1265	99.9252
1266	99.9254
1269	99.9255
1270	99.9257
1271	99.9258
1274	99.9259
1275	99.9262
1277	99.9264
1278	99.9267
1279	99.9268
1280	99.9272
1286	99.9273
1288	99.9275
1289	99.9277
1290	99.9279
1291	99.9280
1292	99.9283
1293	99.9284
1295	99.9285
1297	99.9286
1298	99.9287
1299	99.9288
1300	99.9294
1301	99.9295
1302	99.9297
1303	99.9301
1304	99.9302
1305	99.9303
1307	99.9304
1310	99.9305
1316	99.9306
1318	99.9308
1319	99.9309
1320	99.9311
1323	99.9312
1324	99.9313
1325	99.9314
1326	99.9315
1328	99.9317
1330	99.9319
1331	99.9320
1332	99.9321
1337	99.9323
1339	99.9325
1340	99.9327
1341	99.9328
1342	99.9329
1343	99.9334
1344	99.9337
1346	99.9339
1347	99.9340
1348	99.9341
1349	99.9342
1350	99.9344
1352	99.9345
1353	99.9346
1354	99.9348
1356	99.9350
1357	99.9351
1358	99.9353
1359	99.9355
1360	99.9356
1361	99.9357
1362	99.9358
1364	99.9359
1365	99.9361
1372	99.9362
1377	99.9363
1378	99.9364
1380	99.9365
1381	99.9366
1387	99.9367
1390	99.9368
1392	99.9370
1393	99.9371
1394	99.9372
1395	99.9374
1396	99.9375
1397	99.9378
1400	99.9380
1401	99.9381
1402	99.9384
1403	99.9386
1405	99.9388
1406	99.9389
1407	99.9391
1408	99.9392
1410	99.9393
1411	99.9396
1413	99.9397
1416	99.9398
1419	99.9399
1422	99.9400
1424	99.9402
1425	99.9404
1426	99.9406
1427	99.9407
1429	99.9409
1431	99.9410
1433	99.9411
1439	99.9412
1444	99.9414
1445	99.9415
1449	99.9416
1454	99.9418
1457	99.9419
1461	99.9421
1464	99.9423
1465	99.9424
1469	99.9425
1470	99.9426
1474	99.9427
1475	99.9428
1476	99.9430
1477	99.9432
1478	99.9435
1479	99.9437
1481	99.9438
1483	99.9439
1484	99.9440
1490	99.9441
1491	99.9442
1492	99.9443
1493	99.9445
1496	99.9446
1499	99.9447
1500	99.9450
1501	99.9451
1503	99.9454
1506	99.9455
1507	99.9457
1509	99.9458
1512	99.9459
1513	99.9460
1515	99.9461
1517	99.9462
1519	99.9464
1527	99.9465
1528	99.9466
1530	99.9467
1531	99.9470
1532	99.9471
1545	99.9472
1546	99.9473
1547	99.9474
1549	99.9475
1551	99.9476
1553	99.9477
1554	99.9478
1555	99.9480
1559	99.9481
1561	99.9482
1564	99.9483
1566	99.9484
1568	99.9485
1575	99.9487
1577	99.9488
1586	99.9489
1588	99.9490
1592	99.9491
1595	99.9493
1596	99.9494
1600	99.9501
1602	99.9502
1605	99.9503
1607	99.9504
1608	99.9506
1611	99.9507
1614	99.9508
1616	99.9510
1618	99.9513
1620	99.9514
1622	99.9515
1625	99.9518
1631	99.9519
1632	99.9520
1633	99.9522
1637	99.9523
1638	99.9524
1645	99.9525
1646	99.9526
1649	99.9527
1654	99.9528
1655	99.9529
1656	99.9530
1658	99.9531
1660	99.9532
1675	99.9533
1676	99.9534
1680	99.9536
1695	99.9537
1696	99.9538
1697	99.9539
1698	99.9540
1699	99.9541
1700	99.9542
1701	99.9543
1702	99.9544
1705	99.9545
1707	99.9546
1710	99.9549
1711	99.9551
1713	99.9553
1716	99.9554
1717	99.9555
1718	99.9556
1721	99.9557
1726	99.9558
1727	99.9559
1731	99.9561
1734	99.9562
1740	99.9563
1747	99.9564
1748	99.9565
1750	99.9566
1753	99.9568
1755	99.9569
1767	99.9570
1769	99.9571
1774	99.9572
1776	99.9573
1779	99.9574
1784	99.9575
1796	99.9576
1799	99.9577
1801	99.9578
1808	99.9580
1814	99.9581
1815	99.9582
1816	99.9583
1819	99.9584
1820	99.9585
1822	99.9586
1824	99.9587
1835	99.9588
1837	99.9589
1842	99.9590
1845	99.9591
1846	99.9592
1847	99.9593
1848	99.9594
1854	99.9595
1859	99.9596
1860	99.9598
1861	99.9600
1866	99.9603
1869	99.9604
1876	99.9605
1879	99.9607
1886	99.9609
1889	99.9610
1891	99.9611
1896	99.9612
1898	99.9613
1902	99.9614
1903	99.9615
1905	99.9616
1906	99.9617
1908	99.9618
1909	99.9619
1910	99.9620
1917	99.9621
1924	99.9622
1926	99.9623
1927	99.9624
1928	99.9625
1929	99.9626
1931	99.9628
1935	99.9630
1937	99.9631
1940	99.9632
1941	99.9633
1942	99.9634
1944	99.9636
1945	99.9638
1947	99.9640
1949	99.9641
1952	99.9642
1956	99.9643
1959	99.9644
1961	99.9645
1962	99.9646
1967	99.9647
1970	99.9648
1972	99.9649
1973	99.9650
1974	99.9652
1975	99.9653
1977	99.9654
1978	99.9655
1979	99.9657
1982	99.9660
1983	99.9661
1984	99.9663
1985	99.9665
1991	99.9667
1993	99.9669
1994	99.9670
1997	99.9671
1998	99.9673
1999	99.9675
2000	99.9678
2002	99.9680
2003	99.9683
2004	99.9685
2005	99.9686
2008	99.9688
2009	99.9690
2010	99.9693
2013	99.9696
2015	99.9698
2016	99.9699
2018	99.9701
2020	99.9702
2021	99.9703
2027	99.9705
2028	99.9707
2031	99.9708
2032	99.9710
2033	99.9712
2035	99.9713
2040	99.9715
2041	99.9717
2043	99.9719
2046	99.9720
2047	99.9721
2048	99.9722
2053	99.9723
2055	99.9726
2056	99.9727
2058	99.9728
2061	99.9729
2062	99.9730
2065	99.9731
2068	99.9732
2078	99.9733
2083	99.9734
2084	99.9736
2086	99.9737
2089	99.9738
2090	99.9740
2095	99.9741
2097	99.9742
2098	99.9743
2107	99.9744
2110	99.9745
2116	99.9746
2118	99.9747
2124	99.9748
2125	99.9749
2127	99.9751
2134	99.9754
2142	99.9755
2153	99.9756
2154	99.9757
2159	99.9759
2160	99.9760
2162	99.9763
2163	99.9764
2164	99.9765
2165	99.9766
2168	99.9767
2169	99.9769
2173	99.9770
2174	99.9771
2175	99.9772
2176	99.9774
2177	99.9775
2178	99.9776
2180	99.9777
2181	99.9778
2183	99.9779
2184	99.9780
2186	99.9781
2187	99.9783
2189	99.9784
2190	99.9785
2191	99.9786
2192	99.9788
2193	99.9789
2198	99.9791
2199	99.9797
2200	99.9802
2201	99.9803
2202	99.9806
2203	99.9809
2204	99.9810
2207	99.9812
2208	99.9813
2209	99.9814
2210	99.9815
2211	99.9816
2212	99.9819
2214	99.9820
2215	99.9821
2217	99.9822
2219	99.9824
2221	99.9825
2225	99.9826
2234	99.9827
2237	99.9828
2244	99.9829
2248	99.9830
2249	99.9832
2260	99.9833
2262	99.9834
2272	99.9835
2273	99.9836
2275	99.9837
2282	99.9838
2285	99.9839
2286	99.9842
2288	99.9843
2289	99.9845
2294	99.9846
2295	99.9848
2298	99.9849
2302	99.9850
2305	99.9851
2317	99.9852
2319	99.9853
2321	99.9854
2324	99.9855
2328	99.9856
2339	99.9857
2341	99.9858
2348	99.9859
2365	99.9860
2371	99.9861
2375	99.9862
2379	99.9863
2380	99.9865
2387	99.9866
2392	99.9867
2397	99.9870
2398	99.9872
2399	99.9873
2400	99.9883
2401	99.9885
2402	99.9886
2403	99.9889
2404	99.9891
2405	99.9893
2407	99.9894
2408	99.9895
2409	99.9896
2412	99.9897
2414	99.9899
2416	99.9900
2418	99.9902
2419	99.9903
2420	99.9904
2426	99.9905
2434	99.9906
2435	99.9907
2447	99.9908
2451	99.9910
2455	99.9911
2456	99.9912
2460	99.9915
2462	99.9916
2474	99.9917
2478	99.9918
2479	99.9919
2480	99.9920
2484	99.9921
2485	99.9922
2486	99.9923
2492	99.9925
2493	99.9926
2499	99.9928
2500	99.9929
2506	99.9931
2510	99.9932
2517	99.9933
2519	99.9936
2531	99.9937
2550	99.9940
2560	99.9941
2566	99.9942
2587	99.9943
2589	99.9944
2598	99.9945
2600	99.9946
2601	99.9947
2614	99.9948
2634	99.9949
2652	99.9950
2659	99.9951
2663	99.9952
2665	99.9953
2682	99.9954
2697	99.9955
2714	99.9957
2728	99.9958
2729	99.9959
2730	99.9960
2736	99.9961
2748	99.9962
2757	99.9963
2774	99.9964
2820	99.9965
2837	99.9967
2843	99.9968
2851	99.9969
2864	99.9970
2876	99.9971
2924	99.9972
2948	99.9973
2950	99.9974
2993	99.9975
3012	99.9976
3026	99.9977
3045	99.9978
3146	99.9979
3178	99.9980
3189	99.9981
3202	99.9982
3377	99.9983
3481	99.9984
3489	99.9986
3493	99.9987
3502	99.9988
3522	99.9989
3570	99.9990
3600	99.9991
3644	99.9992
3923	99.9993
4128	99.9994
4230	99.9995
4592	99.9996
4746	99.9998
4978	99.9999
8438	100.0000
